gene_id	Bark1	Bark2	Bark3	Flower1	Flower2	Flower3	Fruit1	Fruit2	Fruit3	Leaf1	Leaf2	Leaf3	Root1	Root2	Root3	Wood1	Wood2	Wood3
Khe00247	1.14	1.99	2	0.13	0	0	0	0	0	0	0	0	2.78	4.76	5.35	0.11	0.13	0.05
Khe00331	0.11	0.26	0.24	0.15	0.33	0.3	0.83	0.99	0.85	0.2	0.05	0.08	28.65	34.05	33.45	3.57	3.27	3.02
Khe00343	1.9	1.64	1.88	0.38	0.49	0.57	0.4	0.32	0.24	0	0	0	0.39	0.61	0.74	0.28	0.18	0.13
Khe01149	0.63	0.82	0.58	11.91	11.78	10.64	9.51	10.23	9.71	0	0	0	0	0	0	0	0	0
Khe01193	0	0	0.03	5.41	4.95	4.52	322.02	329.29	333.36	0	0	0	0	0	0	0.03	0	0
Khe01197	0.93	0.77	0.85	0.31	0.18	0.33	0.03	0.1	0.09	0.19	0.11	0.09	3.53	3.34	3.55	1.24	1.48	1.28
Khe01264	4.63	4.56	4.48	7.72	7.82	7.68	7.03	7.14	6.65	173.39	164.69	167.16	41.52	30.11	30.04	1.35	1.04	1.48
Khe01265	0.6	0.77	1.1	0.45	0.25	0.13	1.89	2.52	2.61	20.97	21.44	19.2	0.12	0.31	0.46	0.17	0.35	0.32
Khe01268	2.28	3.08	2.47	1.24	2.29	1.71	3.69	4.08	4.68	25.51	24.23	27.16	30.03	24.29	24.03	0.79	0.6	0.91
Khe01269	0.42	0.41	0	0	0	0	0	0	0	8.61	9.68	8.72	0	0.1	0.09	0.72	0.43	0
Khe01272	5.34	5.93	5.12	3.08	3.19	2.86	8.7	9.46	9.5	26.37	23.94	27.1	0.3	0.4	0.25	1.99	2.18	2.36
Khe01273	3.56	4.68	3.7	0.99	1.28	1.03	4.81	5.55	5.12	23.39	23.08	24.11	12.17	12.38	11.95	2.79	1.74	2
Khe01277	0.28	0.25	0.19	0.21	0.27	0.12	0.73	0.91	0.9	0.1	0.4	0.31	13.31	13	14.15	0.19	0.06	0.1
Khe01278	0.12	0	0.06	0.09	0.15	0.13	1.01	1.58	1.43	0.23	0.28	0.27	41.43	28.72	29.83	0.12	0.21	0.04
Khe01470	3.24	3.24	3.3	0.85	0.62	0.51	0.06	0.14	0.13	18.3	17.27	18.18	2.49	2.39	2.65	0.55	0.37	0.44
Khe01839	18.31	19.64	17.74	5.16	5.01	4.41	14.27	14.38	14.78	16.15	15.73	16.02	38.09	50.41	51.88	2.65	2.3	1.79
Khe01968	2.24	2.31	1.88	3.44	3.22	2.71	3.48	3.18	3.15	2.73	2.52	2.15	2.02	5.12	5.33	0.09	0.22	0.1
Khe02397	0.14	0.14	0.1	9.03	8.18	8.76	11.65	12.73	12.17	0.05	0.02	0	0.02	0.62	0.43	0	0.03	0
Khe02476	2.12	2.01	2.47	0.03	0.03	0	0	0	0	1.98	1.87	1.65	0.04	0.18	0.08	1.29	0.97	0.9
Khe02477	0.09	0.31	0.11	0	0	0	0.14	0	0.13	0	0	0	0	0.43	0.54	0.18	0.11	0.1
Khe02478	13.3	12.19	12.95	1.65	1.66	1.73	7.17	7.54	7.56	0.76	0.53	0.38	16.02	7.46	7.58	20.57	21.49	19.43
Khe02797	110.73	104.08	111.21	41.12	39.74	41.43	97.14	97.3	99.23	9.33	9.72	9.83	101.11	119.14	115.7	520.76	516.43	507.37
Khe02939	0	0	0	0	0.04	0	0	0	0	0	0	0	0	0	0	0	0	0
Khe03277	0.61	0.44	0.83	0.16	0.07	0.08	0.03	0.05	0	0.37	0.12	0.19	3.38	18.72	17.91	0.14	0	0.15
Khe03726	0.05	0	0.06	0	0	0	0	0	0	0	0	0	0	0	0	0	0	0
Khe03775	4.61	5.73	4.56	0.5	0.44	0.45	2.34	2.23	2.19	4.83	4.65	4.44	1.39	3.78	3.52	4.24	4.12	3.81
Khe04617	0	0.03	0.02	0.03	0	0.03	0	0	0	0	0	0	31.12	49.36	49.01	0	0	0
Khe04618	0	0	0	0	0	0	6.25	6.02	5.44	0	0	0	1.97	1.63	1.81	0	0	0.02
Khe04705	0	0	0	0.11	0.17	0.18	0.23	0.43	0.28	0	0	0	0	0	0	0	0	0
Khe04706	0.51	0.78	0.85	0.02	0.12	0.05	0.33	0.42	0.35	0	0	0	0	0	0.03	0	0	0
Khe04802	0.06	0	0.08	0.04	0	0	0	0.1	0	0	0	0	0	0.03	0	0	0	0.06
Khe05026	0	0	0	0.76	1.05	0.92	0	0	0	0	0	0	0	0.03	0.08	0	0	0
Khe05027	0	0	0	0.49	0.72	0.49	0	0	0	0	0	0	0	0.05	0.04	0	0	0
Khe05028	0	0	0	6.25	5.92	6.03	0	0	0	0	0	0	0	0	0	0	0	0
Khe05039	1.38	1.49	1.38	37.14	35.69	37.04	7.9	7.51	8.23	0.1	0.02	0.02	0	0.41	0.53	1.56	2.71	1.98
Khe05068	401.22	372.99	402.73	261.48	243.81	252.77	183.8	185.17	181.81	238.8	245.44	248.93	316.34	403.97	419.35	731.59	728.74	717.94
Khe05160	1.94	2.02	1.4	0	0	0.06	0.02	0.03	0	0.03	0	0	16.11	37.17	39.25	0.17	0.11	0.27
Khe05471	1.23	2.04	0.86	3.71	4.31	3.14	2.57	3.19	4.01	1.02	0.93	0.82	5.61	2.98	3.68	1.49	1.23	1.63
Khe05491	0	0	0	0	0	0	8.82	8.75	9.94	0	0	0	0	0.01	0.07	0	0.05	0.03
Khe05493	0.02	0.04	0.07	0	0	0	53.77	52.21	58.85	0.02	0	0	0.21	0	0.08	0.13	0.06	0.02
Khe05494	0	0	0	0	0	0	0.2	0.09	0.13	0	0	0	0	0	0	0	0	0
Khe05779	0.21	0.07	0.19	0	0.01	0	0.01	0.06	0	0	0	0.03	0.02	0.26	0.19	0.03	0.04	0.04
Khe05954	45.79	51.06	47.88	21.21	20.88	18.1	5.36	5.39	4.9	0.28	0.21	0.24	16	3.17	3.44	1.73	1.64	1.83
Khe06018	44.26	42.96	44.43	0.08	0.04	0.05	1.31	1.02	1.38	0.22	0.35	0.28	4.81	6.42	7.02	3.84	4.68	4.45
Khe06062	1.7	1.4	1.3	2.32	2.13	2.57	2.84	3.63	3.82	1	0.9	1.14	2.43	1.52	1.52	0.79	0.94	1.18
Khe06082	11.2	11.34	10.84	22.05	23.11	24.91	42.19	44.16	42.98	23	20.49	21.6	61.77	78.76	82.67	12.31	13.92	12.53
Khe06121	0.56	0.93	0.71	20.49	23.65	21.94	8.44	8.89	8.3	5.06	5.35	5.88	0.39	3.38	4.07	0.06	0.08	0.02
Khe06513	1.13	1.07	1.22	27.48	27.91	27.56	3.89	3.7	3.6	1.03	1.2	1.12	30.86	64.88	64.25	0.73	0.47	0.85
Khe06773	6.79	6.52	6.67	5.42	5.5	4.48	1.89	2.3	2.3	12.58	12.92	12.23	55.63	16.55	16.68	6.11	6.29	6.38
Khe06881	10.55	10.03	10.78	10.07	9.45	9.58	7.41	7.17	7.64	9.37	8.35	8.22	16.36	17.8	17.47	9.27	8.66	9.22
Khe06882	21.11	20.67	21.22	10.23	9.91	10.11	9.65	10.74	9.75	9.83	10.23	10.17	11.68	11.9	12.28	14.84	15.66	14.41
Khe06883	0.2	0.11	0.09	0.23	0.14	0.17	0.5	0.17	0.16	0	0.17	0.21	0.08	0.1	0.06	0.05	0.18	0.12
Khe06888	5.23	7.13	6.51	6.06	5.81	5.72	9.51	9.79	9.94	0	0	0	0.11	0.08	0.11	0.46	0.48	0.46
Khe06889	0.17	0.2	0.22	4.41	3.24	3.86	5.48	6.67	6.46	0	0	0	0.95	2.32	2.06	0.08	0.19	0.1
Khe06890	1.21	1.5	1.31	0.33	0.37	0.4	0	0	0	0	0	0	1.76	8.05	9.37	1.1	1.01	1.07
Khe06891	6.87	7.92	6.66	1.08	0.83	0.77	0.62	0.93	0.62	0.56	0.47	0.51	11.04	19.34	19.73	25.23	26.96	25.2
Khe06894	0	0	0	0	0	0	0	0	0	0	0	0	26.02	81.58	77.15	0	0	0
Khe06895	19.26	22.28	20.41	15.73	15.24	14.96	2.88	3.66	3.64	8.78	8.48	7.89	0.14	0.06	0.13	0.84	0.44	0.53
Khe06983	3.5	4.61	2.91	7.92	6.54	6.44	35.19	36.63	41.03	125.53	125.08	123.35	0	0	0	0.15	0.24	0.42
Khe06984	0.15	0.13	0.31	0.09	0.09	0.08	0.29	0.24	0.2	0.05	0.03	0.03	0.51	1.06	1.01	0.34	0.42	0.2
Khe07225	0.02	0.04	0.04	0.27	0.11	0.18	78.58	78.74	79.6	0.06	0	0.07	0	0	0	0	0	0
Khe07297	11.51	9.98	10.7	28.59	27.34	27.97	23.62	22.71	22.34	40.25	37.5	39.41	63.57	100.42	100.22	9.58	8.66	8.13
Khe07339	59.41	58.88	57.66	2.8	3	2.94	0.25	0.24	0.08	17.8	19.7	20.19	9.86	11.42	11.06	35.91	37.25	37.79
Khe07353	10.81	7.2	9.22	0.83	0.59	0.81	0	0.15	0.07	6.41	4.62	5.67	19.15	17.89	17.43	0.53	0.98	0.33
Khe07355	45.78	45.66	44.62	16.37	17.95	16.65	7.86	8.31	8.22	40.05	40.59	41.19	55.95	78.36	76.89	20.25	20.67	19.08
Khe07357	121.38	111.06	117.33	58.97	60.91	61.68	48.32	50.27	47.24	175.32	170.79	177.34	46.35	65.63	67.92	37.66	40.86	36.29
Khe07362	14.3	16.15	16.96	213.08	210.03	215.02	171.07	186.75	196.2	202.88	204.38	209.43	14.37	3.38	3.92	4.84	5.25	4.06
Khe07363	21.97	22.02	22.82	207.48	197.81	194.47	168.01	183.74	191.96	234.97	237.45	242.99	13.64	3.16	3.48	6.53	7.43	5.95
Khe07365	0.03	0	0	0	0	0	0	0.03	0	0.3	0.35	0.27	0	0	0	0	0	0
Khe07366	3.11	3.97	3.41	60.79	56.98	53.09	59.54	48.13	51.88	78.09	82.16	73.68	4.38	1.5	1.72	0.98	0.93	1.29
Khe07370	15.78	14.57	16.53	23.01	21.15	21.44	84.13	81.82	84.01	4.16	4.63	4.54	20.54	14.51	13.83	13.46	13.7	13.09
Khe07387	1.14	1.11	1.24	2.73	3.37	2.65	1.31	1.85	1.9	8.05	8.5	9.26	0.13	0	0.1	0.73	0.38	0.36
Khe07389	24.03	22.87	21.41	40.65	36.84	42.58	31.39	29.4	38.42	111.18	114.15	111.31	0.23	0.58	0.99	11.54	12.44	13.94
Khe07390	8.42	6.91	9.27	18.29	17.26	17.07	16.93	16.01	16.74	30.16	34.62	30.12	0.14	0.71	1.21	5.35	3.32	4.26
Khe07391	27.83	29.03	28.23	13.48	13.63	13.7	15.56	14.83	16.73	4.82	4.68	5.65	0.52	0.44	0.48	9.82	9.31	9.51
Khe07394	0	0.07	0.03	3.03	3.07	2.82	0.96	1.04	1.16	0	0	0	3.66	6.12	6.2	0	0	0.02
Khe07396	0	0	0	0	0	0	7.89	7.82	8.42	0	0	0	0	0	0	0	0	0
Khe07399	0.07	0.03	0.06	0	0	0	0	0	0	3.31	2.53	2.51	15.84	13.96	14.03	0.03	0	0.02
Khe07400	0.59	0.63	0.3	0.64	0.44	0.57	1.87	1.47	1.71	1.66	1.3	1.23	0.67	0.28	0.29	0.27	0.09	0.16
Khe07402	1.15	1.48	1.12	0.98	0.84	1.02	1.78	1.78	2.13	9.36	10.12	9.53	1.24	1.75	1.72	0.19	0.18	0.3
Khe07799	5.58	4.96	4.63	1.61	1.43	1.53	0.68	0.46	0.53	3.47	3.72	3.58	9.32	3.65	3.36	45.51	45.73	43.99
Khe08101	1.29	1.34	1.12	1.24	1.12	1.21	1.91	1.78	1.78	5.57	4.43	5.77	1.2	1.31	1.53	0.97	0.51	0.73
Khe08119	5.91	6.94	5.57	5.95	5.14	6.15	7.25	7.35	7.18	15.87	14.81	14.68	7.25	10.74	10.44	5.27	4.77	4.66
Khe08273	0.69	0.77	0.75	19.95	20.58	19.97	19.35	18.56	21.18	0	0	0.05	0.18	0.26	0.41	0.2	0.1	0.32
Khe08274	0.3	0.42	0.28	5.67	5.64	4.47	7.82	6.95	7.3	0	0.02	0	0.08	0.04	0.18	0.1	0.05	0.05
Khe08277	0.04	0	0	0	0	0.02	0	0	0	0	0	0	0	0	0	0.05	0	0
Khe08547	0.1	0.22	0.15	0.45	0.44	0.18	0	0	0	0.09	0.03	0.05	0.96	0.28	0.23	6.25	6.37	5.56
Khe08551	87.19	83.79	87.44	0.54	0.74	1.05	0.84	0.24	0.57	164.23	159.76	164.5	56.84	76.45	79.79	81.13	79.56	84.38
Khe08553	64.14	68.97	65.75	14.81	15.41	15.73	19.51	19.87	19.42	46.81	46.34	45.35	53.22	33.04	32.37	59.2	60.98	57.21
Khe08560	0.88	0.9	1.19	0.64	0.96	1.05	0.52	0.56	0.49	12.68	11.55	12.06	35.31	27.02	27.9	1.36	1.44	1.19
Khe08766	0.31	0.28	0.48	0.07	0.11	0.1	0.84	0.82	0.79	2.4	3.01	2.92	3.95	1	0.95	0.99	1.09	0.77
Khe08950	95.59	97.93	96.48	42.87	42.29	43.46	25.23	24.54	25.12	58.9	61.18	59.81	161.99	131.82	133.85	61.42	62.89	59.39
Khe09521	0	0	0	0.08	0.07	0.13	0.53	0.68	0.72	0	0	0	21.07	33.8	36	0	0	0
Khe09524	101.37	108.44	107.05	42.61	45.36	44.49	34.4	34.96	37.18	157.83	143.55	149.52	55.8	66.4	65.93	19.29	18.52	17.57
Khe09532	0	0	0	0	0.03	0.02	0	0	0	0	0	0	0	0	0.03	0	0	0
Khe09533	15.53	16.69	15.77	6.45	6.76	6.56	4.45	5.63	5.04	585.51	546.68	577.7	13.98	41.51	42.36	0.47	0.51	0.27
Khe09534	29.69	30.27	30.19	7.05	8.06	7.84	6.09	5.63	5.31	147.31	139.41	147.6	18.89	31.34	29.53	10.48	9.94	10.03
Khe09535	0.1	0	0	0	0	0	0	0	0	0.03	0	0	0	0.07	0	0	0	0.03
Khe09538	14.64	14.58	14.61	0.1	0.09	0.16	0.26	0.26	0.31	4.65	4.88	4.48	2.65	0.8	0.74	12.86	13.96	13.33
Khe09540	0.72	0.99	1.2	0.86	0.81	0.68	0.87	0.79	1.11	0.31	0.19	0.31	20.44	37.75	38.99	0.67	1.08	0.87
Khe09545	0.42	0.23	0.29	0	0	0.06	0	0.15	0.12	0.16	0.06	0	0.82	4.82	4.35	0.43	0.48	0.39
Khe09638	0	0	0	0	0	0	0	0	0	2.51	3.09	2.85	0	0	0	0	0	0
Khe09662	0	0.02	0.02	0.01	0	0.07	0.52	0.4	0.6	0.1	0.07	0.02	0.92	10.26	11.31	0	0.02	0.05
Khe09957	0.25	0.09	0.46	1.56	1.24	1.08	1.82	1.89	1.3	0	0	0	3.03	0.34	0.32	0	0	0
Khe09960	4.1	5.06	3.55	0	0	0.2	0	0.2	0.42	0	0	0	7.04	0.99	2.26	0	0	0
Khe09962	304.25	311.84	308.1	1.25	1.19	1.11	1.37	1.54	1.59	0.17	0.14	0.14	41.32	15.61	15.32	7.97	7.93	8.11
Khe09968	25.09	27.37	26.06	7.48	10.54	8.88	7.28	7.73	8.33	0.74	0.47	0.24	17.34	6.38	5.69	26.68	27.36	24.94
Khe09978	12.16	12.08	12.32	4.6	4.72	4.43	3.06	2.99	3.45	0.23	0.33	0.34	8.9	3.15	2.53	14.35	13.92	13.55
Khe10007	38.44	31.9	39.6	780.19	774.35	751.78	639.01	660.91	638.94	0.68	0.38	0.39	47.73	29.92	28.92	1.27	2.6	1.99
Khe10011	5.56	4.59	5.82	108.26	109.78	108.12	102.82	95.48	94.42	0.1	0.11	0.07	9.62	5.92	6.91	0.18	0.2	0.29
Khe10028	13.88	11.11	13.9	612.51	643.54	641.96	526.17	530.39	525.73	0.17	0.21	0.22	13.49	11.04	10.95	0.52	0.69	0.54
Khe10029	20.43	17.88	22.11	240.8	259.3	266.22	220.93	236.41	230.81	0.61	0.29	0.62	41.22	46.55	45.8	1.47	0.9	1.26
Khe10114	2.52	2.2	2.89	4.3	4.37	4.35	1.31	1.35	1.26	0.3	0.33	0.27	1.19	1.33	1.46	0.64	0.71	0.62
Khe10169	0.23	0.3	0.21	2.07	1.76	2.05	0.13	0.12	0.35	1.54	1.51	1.32	1.81	1.61	1.92	0	0	0
Khe10210	29.36	33.82	30.34	16.98	16.79	17.57	3.84	3.76	4.25	3.02	3.11	3.02	1.2	0.48	0.59	21.44	23.8	19.49
Khe10260	1.57	1.26	0.88	147.16	154.41	156.37	135.7	135.4	139.65	0	0	0.04	3.07	10.13	10.8	0.53	0.4	0.51
Khe10263	0.44	0.56	0.24	0.11	0.11	0.04	0.1	0.03	0.07	0	0	0	56.83	16.95	17.97	0.03	0.03	0
Khe10305	0.66	0.75	0.59	0.18	0.17	0.08	0.35	0.18	0.39	1.16	0.66	1.17	19.78	42.48	38.66	0.23	0.14	0.1
Khe10564	0	0	0	0	0	0	0	0	0	0	0	0	6.76	8.99	9.32	0.1	0	0
Khe11183	44.34	35.61	44.21	466.33	472.74	465.12	602.32	626.47	622.57	0.87	0.65	0.45	106.32	171.22	165.09	10.48	10.02	10.91
Khe11439	57.27	55.99	58.17	180.06	188.77	186.49	355.48	357.79	364.09	51.42	48.71	51.93	56.42	73.35	75.65	76.02	78.56	74.75
Khe11492	0.64	1.04	0.48	0.86	1.3	1.21	0.05	0.02	0	1.43	1.18	1.08	89.14	122.18	127.02	0.36	0.41	0.37
Khe11604	7.24	7.59	7.44	1.66	1.72	1.95	1.31	1.46	1.31	0.43	0.36	0.45	21.57	10.95	11.4	0.11	0.27	0.1
Khe11609	2.56	2.2	2.66	9.2	9.52	8.32	12.83	10.78	10.74	79.46	77.1	77.2	102.81	71.55	71.99	0.07	0.07	0
Khe11684	4.63	6.29	3.96	1.63	1.23	1.14	0.84	0.72	0.97	10.95	10.71	10.34	6.28	2.7	2.74	0.3	0.05	0.22
Khe11687	1.55	1.71	1.32	0.15	0.18	0.1	0.05	0.16	0.05	2.98	2.43	3.24	0.16	0.17	0.15	0.14	0.08	0
Khe11752	1.36	1.29	1.32	1.3	1.17	1.7	1.01	0.97	1.37	0.35	0.15	0.28	1.38	0.39	0.62	0.22	0.17	0.24
Khe11806	0	0	0	0.01	0	0	2.63	2.21	2.16	0.03	0.1	0.05	0	0	0	0	0	0
Khe11808	2.21	1.94	2.11	11.96	12.76	11.97	6.01	5.34	6.51	10.03	11.15	9.82	1.34	1.61	1.45	0.5	0.63	0.53
Khe11809	2.9	2.18	2.29	1.14	1.16	1.32	0.74	0.62	0.81	6.54	6.03	6.31	3.86	4.61	4.29	0.91	1.12	1.34
Khe11811	1.03	1.07	0.87	5.06	5.26	5.27	8.51	9.22	8.47	2.85	3.69	3.25	8.56	11.48	10.97	1.07	1.04	1.2
Khe12632	14.66	14.14	15.8	4.7	4.31	5.09	3.92	4.88	4.38	0.81	0.53	1.03	12.07	7.59	7.4	2.2	1.91	1.54
Khe12802	9	10.63	8.78	15.63	15.04	15.73	13.56	15.18	14.75	20.76	20.8	19.26	8.74	7.55	8.03	8.2	7.77	7.76
Khe12926	12.83	10.79	12.27	67.79	65.01	65.21	127.24	136.74	135.4	0.56	0.41	0.3	96.36	87.79	82.11	42.22	41.81	42.22
Khe13097	13.56	15.25	14.49	50.11	48.47	48.23	80.72	81.87	85.59	7.56	7.58	7.94	2	3.14	2.87	2.29	2.67	2.7
Khe13383	6.42	6.16	5.85	5.96	6.14	5.14	4.07	3.82	4.09	3.45	3.11	3.69	6.02	7.22	7.23	4.75	4.41	4.87
Khe13385	1.27	1.02	0.72	1.91	2.43	2.1	1.16	1.63	1.37	6.2	5.49	5.98	3.77	3.03	3.2	0.65	0.87	0.77
Khe13612	18.89	19.12	20.32	33.36	33.07	33.15	21.57	21.47	20.67	29.67	28.97	29.25	0.63	1.28	1.36	8.52	9.03	10.33
Khe13613	2.6	2.48	2.52	1.17	1.09	0.93	1.34	1.44	1.31	11.56	11.7	10.64	0.75	1.38	1.13	0.62	0.96	0.72
Khe13615	5.61	6.58	6	21.37	20.63	21.68	23.29	24.27	22.62	38.68	37.21	39.12	3.28	5.59	5.93	5.69	6.11	6.16
Khe13617	1.23	1.09	0.75	5.2	5.19	5.4	11.23	11.1	11.59	13.45	13.83	13.96	0.45	2.12	2.08	0.03	0.1	0.1
Khe13628	17.4	16.98	16.97	21.18	21.16	21.85	13.66	14.22	13.57	13.63	13.6	13.15	20.22	29.72	30.83	18.5	19.35	18.91
Khe13633	40.88	38.63	41.72	87.67	83.74	83.45	79.48	77.61	80.86	762.11	767.76	775.14	21.1	24.48	25.96	34.06	30.64	31.76
Khe13635	1.23	1.32	1.48	0.67	0.66	0.95	1.83	1.59	1.66	38.19	34.66	40.85	0.19	0.12	0.08	0.14	0.22	0.25
Khe13940	2.54	3.36	2.86	13.72	14.3	14.99	19.8	19.46	19.19	1.35	1.45	1.37	0.43	0.54	0.37	2.78	2.9	3.01
Khe14078	8.63	8.57	8.58	3.07	2.5	2.95	4.68	4.69	5.02	1.25	0.93	1.01	10.1	13.18	13.27	43.36	40.98	41.05
Khe14242	8.02	8.88	7.11	7.58	6.82	7.2	1.4	1.25	1.37	0.19	0.16	0.2	2.31	4.42	3.72	1.31	0.86	0.71
Khe14453	1.86	1.99	1.79	1.18	1.12	0.86	3.76	3.84	4.09	0.32	0.32	0.31	27.96	36.58	35.37	84.77	87.98	85.05
Khe15241	5.92	6.07	7	6.99	7.16	7.3	6.12	6.41	5.98	45.22	45.24	46.15	0.23	0.43	0.57	6.18	6.2	4.95
Khe15772	3.32	3.05	3.37	0.56	0.42	0.33	0.7	0.51	0.64	1.23	1.14	0.7	343.68	222.65	212.46	0.66	1.28	1.12
Khe15844	23.39	23.21	22.79	8.85	8.75	9.12	12.36	12.22	13.83	5.95	5.24	5.17	14.87	21.77	21.38	11.53	12.28	12.72
Khe15849	30.36	29.98	29.61	3.46	3.26	3.49	5.1	7.36	4.79	9.65	11.16	10.01	16.3	16.82	16.46	17.15	16.7	17.15
Khe15850	29.23	32.75	28.27	11.57	10.8	9.62	5.26	4.96	5.32	2.25	1.52	1.94	41.3	58.05	54.93	3.4	3.67	3.89
Khe15854	224.43	216.84	218.56	141.99	144.49	148.09	179.92	182.29	186.21	184.62	184.57	189.01	69.04	54.22	53.19	182	188.84	184.31
Khe15856	97.76	97.29	97.05	12.93	13.63	13.06	14.15	15.07	14.25	6.94	6.7	7.35	141.8	87.98	88.28	77.56	82.76	78.67
Khe15859	8.27	7.58	8.71	8.6	7.81	8.29	3.55	3.55	3.79	37	37.85	38.31	0.62	1.25	1.15	2.79	2.93	2.4
Khe15863	70.91	69.31	68.39	46.89	44.2	43.23	37.46	45.58	47.35	50.27	56.24	55.16	30.67	17.38	17.76	63.07	68.41	65.45
Khe15865	2.18	2.99	2.75	1.64	1.6	1.71	1.82	1.88	1.92	0.36	0.22	0.3	0.03	1.15	1.15	0.49	0.54	0.53
Khe15867	11.57	12.3	11.34	0.82	0.86	0.81	0.93	0.71	0.82	0.28	0.2	0.24	2.57	5.19	5.54	1.92	1.59	1.84
Khe15869	1.49	1.3	1.81	123.48	123.85	130.46	71.28	70.15	73.21	0	0.06	0	10.64	3.67	3.11	0.19	0.14	0.09
Khe15870	2.15	1.56	2.02	232.46	222.1	221.35	102.87	105.68	107.82	0.11	0.06	0.03	2.04	3.78	4.04	1.25	1.23	1.45
Khe15873	28.89	30.59	31.48	24.77	22.26	25.2	4.9	4.81	4.92	184.27	187.63	184.12	3.64	5.65	6.33	2.5	2.62	3.17
Khe15874	2.14	1.93	2.32	1.86	1.73	1.78	5.92	6.31	5.8	0.46	0.74	0.81	21.51	23.76	22.04	2.36	2.27	1.9
Khe15889	26.26	26.7	27.02	43.37	43.13	45.29	19.68	20.17	19.27	5.97	5.81	5.56	14.76	17.14	16.98	18.47	19.62	18.96
Khe16616	2.76	3.25	2.51	2.11	2.76	2.34	0.95	1.27	1.08	1.1	0.95	1.08	4.37	7.39	8.81	6.94	7.27	6.67
Khe16673	0	0.06	0	0.07	0.03	0.28	0.3	0.08	0.25	0	0	0	0.31	0.69	1.19	0	0	0.06
Khe16674	6.58	5.07	7.31	5.82	6.15	6.09	28.72	29.3	31.23	0.49	0.63	0.42	36.18	28.78	27.99	0.41	0.3	0.27
Khe17452	0.27	0.15	0.2	286.67	285.77	279.85	220.09	238.35	240.83	3.68	3.51	3.1	0.06	0.05	0.21	0	0.13	0.17
Khe17454	0.43	0.46	0.38	395.15	402.82	397.17	244.83	247.88	251.3	8.65	7.99	7.79	0.22	0.02	0.12	0.08	0.03	0.05
Khe17456	0	0	0	17.65	19.68	16.28	18.22	15.5	10.91	0.31	0.03	0.14	0.13	0.05	0.06	0	0	0
Khe17458	0.34	0.43	0.39	447.24	448.93	441.52	67.27	67.02	69.4	2.79	3.11	3.41	0.09	0.1	0.12	0.1	0.09	0.14
Khe17460	3.48	2.72	2.94	556.85	554.98	556.13	109.03	109.88	113.96	19.68	20.07	19.68	0.13	0.53	0.8	1.14	0.96	1.13
Khe17463	12.82	13.21	12.72	56.77	56.71	53.83	24.33	25.03	27.14	0.06	0.13	0.05	0.19	1.67	1.36	1.56	1.72	1.51
Khe17476	1.24	1.14	1.28	3.57	3.23	3.51	1.01	1.01	1.25	0	0.04	0.07	121.34	185.94	179.42	0.13	0.21	0.07
Khe17493	1.07	0.75	1.51	121.95	135.56	125.24	129.47	129.7	132.6	0	0	0	0.83	1.76	1.65	0	0.14	0.03
Khe17503	2.35	1.53	1.94	278.85	279.83	291.1	341.62	329.13	339.36	0.03	0	0	4.47	4.2	3.48	0.11	0.08	0.15
Khe17505	0.8	0.95	0.78	0	0	0	0	0	0	0.04	0.02	0	7.39	25.38	25.41	0.1	0.17	0.09
Khe17508	134.85	150.68	136.25	118.84	117.15	119.15	142	138.76	143.83	54.08	55.07	53.19	103.42	73.76	71.9	120.26	123.16	121.58
Khe17515	4.64	4.17	4.56	43.58	43.17	44.5	0.42	0.41	0.49	19.49	17.78	18.98	3.2	1.41	1.19	0.81	0.99	0.91
Khe17536	0.8	0.64	0.88	0.6	0.49	0.53	1.09	0.93	1.45	0.22	0	0.14	17.55	41.99	43.18	0	0.02	0.02
Khe17537	0.15	0.25	0.31	0.39	0.89	0.68	0.6	0.43	0.87	0.36	0.14	0.36	5.95	22.85	23.62	0	0	0
Khe17875	2.33	2.66	2.63	0.51	0.54	0.49	0	0	0	33.03	30.86	30.97	2.23	1.31	1.15	0.27	0.24	0.34
Khe17876	3.25	3.74	3.35	0.55	0.54	0.56	0	0	0	38.63	37.11	36.94	2.45	2	1.56	0.49	0.33	0.63
Khe17880	12.04	14.88	13.42	1.47	1.1	1.4	0.08	0.16	0.1	66.23	61.31	64.81	10.22	14.37	14.04	3.53	3.22	2.6
Khe18035	0	0	0	0	0	0.03	0.12	0	0.06	0	0	0	0.75	0.14	0.26	0.06	0	0
Khe18206	6.28	7.5	6.09	30.7	32.01	32.63	58.67	61.27	63.14	92.97	93.62	95.46	30.38	37.22	36.62	3.91	3.54	3.61
Khe18630	1.17	1.18	1.28	0.02	0	0	0.11	0.19	0.14	0.06	0.08	0.09	2.15	2.96	3.49	0.09	0.15	0.27
Khe18631	1.62	2.1	2.18	0.06	0.1	0.03	0.03	0.04	0.09	2.62	2.97	2.57	56.01	17.4	18.44	5.2	4.88	5.23
Khe18632	6.32	7.36	6.79	0.02	0.01	0.04	0.03	0.07	0.02	5.93	6.13	5.19	84.02	30.22	30.97	5.52	6.49	5.75
Khe19059	0	0.08	0.03	0	0.02	0	0	0.04	0.03	0	0	0	7.14	32.89	34.31	0	0	0.02
Khe19078	0.23	0.2	0.27	0.24	0.06	0.12	0.34	0.44	0.13	0.04	0.13	0	1.99	2.25	2.05	0.29	0.47	0.32
Khe19203	272.47	273.48	277.56	116.7	118.68	117.82	49.7	55.13	54.42	96.15	94.36	92.55	114.94	76.24	71.47	303.71	306.77	301.78
Khe19213	2.49	2.35	2.67	2.62	2.48	1.86	0.62	0.5	0.56	0.19	0.23	0.22	0.91	4.12	4.27	0.31	0.44	0.47
Khe19352	0	0	0	0	0	0	0	0.02	0	0	0	0	6.77	28.25	27.76	0	0	0
Khe19353	0.13	0.29	0.11	0.04	0	0.02	0.12	0.05	0.1	0	0	0	57.44	109.15	108.61	0.07	0	0
Khe19354	0	0	0	0.02	0	0	0	0	0	0	0	0	0.07	0	0.1	0	0	0
Khe19358	0.18	0.11	0.27	0	0	0	0	0	0	0	0.04	0.04	0	0	0	0.04	0.04	0
Khe19359	0	0	0	0	0	0	0.05	0	0.02	0	0	0	21.49	69.32	71.76	0	0	0
Khe19690	11.75	10.08	11.75	3.35	2.89	3.05	16.41	16.68	16.82	0.01	0.02	0.07	93.02	159.91	160.75	1.12	1.27	0.87
Khe19704	0.3	0.13	0.16	1.54	1.16	1.24	3.1	3.96	3.22	0.05	0.04	0.13	25.33	5.04	5	0	0	0.1
Khe19863	0	0.03	0	8.59	8.15	8.48	2.9	2.67	2.86	0.03	0	0	4.13	9.9	8.68	0.64	0.92	0.97
Khe19975	0.93	0.82	0.74	0.18	0.05	0.08	0.86	0.71	0.74	0	0.03	0	59.02	56.48	54.86	0.24	0.38	0.35
Khe19977	0.05	0.01	0	0.02	0	0	0.05	0	0.04	0	0	0.02	3.47	1.48	1.48	0.02	0	0.02
Khe19979	0	0.35	0.79	2.13	1.03	2.29	4.11	5.91	5.06	0	0	0.08	21.26	32.92	31.61	0.56	0.48	0.35
Khe19980	3.77	2.7	3.35	0	0.85	0.1	5.69	5.11	5.83	0	0.01	0.32	127.53	135.46	132.47	0.26	0.34	0.3
Khe20446	3.33	4.37	3.95	0.25	0.08	0.15	0	0	0	0	0	0	0.12	0.02	0.02	0.05	0.05	0.17
Khe21084	0	0	0	0.11	0.09	0	0.37	0.29	0.21	0	0	0	0	0.09	0	0.04	0	0
Khe21131	61.84	60.37	64.89	66.5	70.04	68.98	71.21	71.9	70.32	20.43	18.6	20.74	15.74	19.62	19.17	31.22	30.58	29.27
Khe21166	1.72	2.02	1.76	6.37	6.99	7.4	9.2	9.27	8.91	5.16	4.53	5.24	2.57	5.6	5.07	2.77	3.09	3.31
Khe21170	2.8	2.67	2.83	2.32	3.08	2.79	4.79	5.01	4.96	2.9	2.19	2.93	12.3	16.95	17.54	2.48	2.9	2.61
Khe21178	2.9	3.63	2.89	0.43	0.47	0.54	0.64	0.45	0.6	1.37	1.19	1.22	0.89	1.67	1.64	8.56	7.48	8.31
Khe21316	5.29	4.47	5.05	2	1.39	1.08	0.84	0.96	0.84	0.61	0.84	0.69	98.45	87.61	87.41	0.95	0.68	0.95
Khe21318	0.26	0.41	0.48	5.76	5.83	6.17	0.09	0.07	0.04	0.21	0.13	0.24	14.57	20.93	21.15	0.34	0.23	0.27
Khe21801	0.47	1.24	0.27	0	0.22	0.36	0.63	0.35	0.38	0	0	0	0.44	0.53	0.22	0	1.1	0.44
Khe21851	0.31	0.25	0.22	0.39	0.58	0.37	0.15	0.26	0.37	3.96	3.57	3.09	4.24	0.89	1.05	0.15	0.08	0.05
Khe21958	0.13	0.07	0.14	0	0	0	0.07	0.07	0	0.07	0	0.14	0.71	1.57	1.85	0.15	0.59	0
Khe22532	0	0	0	2.19	2.74	2.66	1.57	2	1.88	0	0	0	0	0	0	0	0	0
Khe22590	15.36	14.72	14.11	9.51	8.75	9.94	12.01	12.92	12.67	54.68	54.01	55.56	6.96	7.15	7.32	19.02	18.23	19.96
Khe22693	0	0	0.03	0.05	0	0	0.04	0.1	0.09	0.07	0.06	0	1.39	1.84	2.19	0.09	0	0.08
Khe22838	18.45	23.1	19.93	2.19	2.21	2.5	0.39	0.36	0.53	45.26	41.57	45.68	80.78	91.43	89.36	14.31	13.71	13.13
Khe22848	0.52	0.57	0.4	0.75	0.93	0.84	0.78	0.97	1.12	25.31	24.39	26.19	0	0.05	0	0.05	0	0.09
Khe22853	0.07	0	0.01	0	0	0	0	0	0	0	0	0	96.74	328.96	337.84	0	0	0
Khe22857	4.15	3.82	4.1	21.13	22.18	21.88	19.16	20.7	21.97	39.5	37.13	40.37	1.71	0.12	0.11	0.06	0.05	0.05
Khe22862	1	1.86	1.52	0.09	0.11	0.12	0.63	0.69	0.76	0.15	0.19	0.18	5.82	1.53	1.49	1.3	0.89	1.07
Khe22888	11.85	15.45	13.87	10.66	11.45	11.39	9.19	9.43	9.82	22.73	21.23	22.12	7.09	6.11	6.25	0.81	1	0.93
Khe22890	0	0.01	0	0.13	0.05	0.1	0	0	0.03	0	0.06	0.06	0.76	22.63	21.79	0	0	0
Khe22893	0.38	0.47	0.74	19.34	21.14	20.65	24.32	21.89	20.31	0.6	0.66	0.54	43.81	18.34	18.57	2.04	1.58	2.21
Khe22921	0	0	0	0.05	0	0	0	0	0.16	0	0	0	0	0	0	0	0	0
Khe22922	0.44	0.37	0.39	0.02	0.24	0.11	0.06	0	0	0	0	0.03	13.94	13.67	13.04	0.28	0.25	0.19
Khe22923	0.17	0.22	0.25	0	0.04	0	0.06	0	0.08	0.23	0.12	0.06	50.77	9.54	10.2	0.82	1.02	0.76
Khe22924	0.9	1.05	1.35	0.03	0	0.01	0	0.03	0	0.39	0.38	0.52	54.29	8.2	8.39	6.12	6.48	6.35
Khe22928	0	0	0	0.09	0	0.01	0	0	0	0.19	0.18	0.19	8.05	0.83	1.27	0	0.03	0
Khe22929	0	0.04	0.04	0	0	0	0	0	0	10.08	9.88	10.13	21.17	5.2	4.85	0	0.03	0
Khe22930	0.14	0.11	0.1	0.51	0.26	0.29	0.27	0.37	0.62	0.18	0.02	0.12	71.82	32.07	33.32	0.13	0.08	0.07
Khe22992	21.39	19.82	21.06	0.08	0.01	0.04	1.29	1.24	1	0.03	0.02	0.05	60	33	32.39	0.43	0.56	0.22
Khe23638	32.53	33.28	32.61	42.95	43.6	44.12	21.34	21.8	21.94	13.45	15.33	14.63	52	51.97	51.52	10.37	12.41	10.7
Khe23790	0.83	0.91	0.63	3.91	3.67	4.02	1.01	0.9	1.16	0.95	0.91	0.9	2.16	5.26	4.7	0.48	0.42	0.6
Khe23791	0.13	0.18	0.23	0.06	0.05	0.09	0.34	0.25	0.32	0	0	0	45.45	126.29	128.23	0.05	0.05	0
Khe23796	1.58	1.31	1.23	18.19	17.05	21	4.04	3.81	4.02	1.3	1.4	1.75	5.75	10.61	9.85	0	0	0.16
Khe23797	0.15	0.12	0.13	0.01	0	0	0.03	0.03	0.06	0.03	0	0	38.39	63.89	65.78	0	0	0
Khe23799	0	0	0	0	0	0	0	0	0	0.27	0.37	0.2	0.21	0.67	0.62	0	0	0
Khe23801	65.74	60.69	65.29	5.5	4.78	3.98	23.64	21.4	24.05	23.82	26.36	23.49	6.3	4.83	5.26	21.41	18.79	17.78
Khe23804	24.69	27.59	25.31	2.15	1.69	2.05	6.92	7.52	6.75	7.73	7.94	8.36	2.73	1.68	1.95	6.69	6.39	6.99
Khe23854	35.04	36.25	36.08	60.96	54.88	55.49	26.58	27.86	28.12	6.84	7.23	6.06	37.93	15.83	15.67	4.89	5.48	5.15
Khe23855	4.18	4.19	5.01	3.64	3.25	3.9	0.03	0.05	0.16	0.97	0.74	0.74	5	1.8	1.94	0.22	0.14	0.17
Khe23858	14.3	16.39	14.77	4.15	4.74	4.66	0.54	0.23	0.41	0.91	0.57	0.79	0	0.2	0.03	2.25	1.86	1.76
Khe23889	3.21	3.1	3.27	9.8	9.81	8.71	15.52	15.41	17	0.13	0.04	0.11	1.88	0.29	0.27	0.05	0.07	0
Khe23897	6.31	5.96	5.84	6.61	6.14	6.29	4.89	4.57	5.11	6.58	6.31	6.89	9.17	13.32	13.39	4.46	5.29	5.52
Khe23900	0.32	0.39	0.35	0.18	0.1	0.27	0.16	0.25	0.28	23.22	24.28	24.33	0.42	0.39	0.27	1.52	1.47	1.16
Khe23915	0	0	0	0.02	0	0	0.03	0.01	0.03	0	0	0	17.56	25.58	26.29	0.03	0.12	0.05
Khe23916	0.03	0	0	0	0	0	0.09	0	0.08	0	0.01	0.06	40.15	48.75	47.13	0	0.03	0
Khe24309	1.11	0.64	0.94	0.74	0.53	0.34	0	0.24	0.15	0	0	0	0.9	1.33	1.05	0.44	0.31	0.26
Khe24785	27.09	25.67	28.16	17.94	18.7	18.12	30.93	30.18	28.92	20.84	22.55	21.38	21.64	12.68	12.04	25.5	24.99	26.19
Khe24787	2.78	2.7	2.54	0.61	0.8	0.8	2.74	2.93	2.94	2.23	2.86	2.18	7.76	11.78	11.21	2.08	2.2	1.72
Khe24941	0.73	0.61	0.46	0.42	0.52	0.51	3.43	3.08	3.68	0	0	0	7.95	26.4	25.72	0.03	0.03	0
Khe25021	1.96	2.05	1.95	11.54	10.64	10.88	4.85	5.79	5.37	173.86	175.33	172.76	0.38	0.24	0.27	0.14	0.08	0.18
Khe25024	0	0	0	0	0	0	0	0	0	0	0	0.13	0.08	0	0	0	0	0
Khe25025	0.02	0.05	0.03	0.14	0.18	0.19	0.13	0.19	0.1	35.22	35.29	34.86	0	0	0	0	0	0.02
Khe25028	1.33	1.46	1.38	1.09	0.94	1.17	2.08	2.05	2.09	14.51	14.66	14.25	0.57	0.25	0.1	0.4	0.55	0.38
Khe25061	0	0.07	0.13	0.36	0.2	0.08	0.27	0.14	0.11	38.51	39.46	38.64	0.01	0	0.04	0	0	0
Khe25698	5.48	5.29	6.12	28.44	27.26	27.8	19.26	22.58	22.45	3.78	4.29	3.96	40.19	37.93	35.8	6.68	5.91	5.25
Khe25898	0.41	0.22	0.13	0	0	0	0.15	0.17	0.14	17.63	16.13	19.52	0	0	0	0.37	0	0.24
Khe25901	22.51	22.38	21.3	2.18	1.62	1.8	5.37	6.26	6.14	67.43	69.27	67.51	2.66	1.77	1.87	7.86	8.03	6.63
Khe25917	0.31	0.38	0.33	19.88	18.37	18.09	0.05	0.05	0.09	0	0.05	0	2.25	13.5	14.01	0	0	0
Khe25927	12.36	16.77	18.19	75.2	69.34	72.95	11.94	12.13	14.2	33.4	36.6	34.77	50.3	27.27	30.18	4.3	4.02	4.67
Khe25928	28.24	29.23	27.6	87.73	88.89	87.96	2.85	2.78	2.82	52.72	52.31	54.98	25.02	12.69	10.98	4.17	5.02	4.01
Khe25954	6.11	5.27	5.22	0.06	0.15	0.15	0.1	0.03	0.14	0.35	0.26	0.33	40.06	52.28	53.49	3.37	3.62	3.53
Khe27032	45.56	44.78	44.32	218.92	217.18	216.72	111.97	112.1	114.86	97.03	97.89	95.17	25.83	35.09	32.95	21.82	22.47	22.04
Khe27095	0	0.03	0	9.82	10.54	11	6.25	6.31	5.82	0.4	0.33	0.45	0	0.18	0.12	0	0.03	0
Khe27097	0	0.06	0.14	14.12	20.13	16.31	25.58	24.09	24.71	0	0	0	54.32	77.61	73.38	0	0	0
Khe27098	0.35	0.35	0.22	22.08	21.89	22.85	20.68	21.65	21.55	0.02	0	0.02	34.71	67.48	67.72	0.03	0.06	0.15
Khe27103	0.43	0.16	0.2	0.46	0.34	0.31	0.13	0.1	0.05	0.1	0.07	0.11	9.89	18.55	17.42	0.06	0.08	0.13
Khe27115	0.79	0.58	0.97	1.87	1.7	2.24	2.56	1.8	1.75	0	0	0	8.58	21.05	19.56	0.38	0.53	0.49
Khe27116	0.06	0.06	0	0	0.09	0.06	1.58	1.17	1	0	0	0	0.11	0.07	0.28	0.12	0.03	0.08
Khe27117	34.89	31.36	34.39	3.29	3.69	3.33	2.8	2.59	2.75	0.27	0.21	0.1	12.81	9.37	9.5	10.85	10.59	10.42
Khe27367	3.16	4.64	3.96	0.27	0.24	0.13	0.41	0.4	0.45	44.95	42.18	44.87	65.66	43	42.79	3.34	3.46	3.27
Khe27368	3.32	2.77	2.96	4.35	6.19	5.22	1.36	1.85	1.24	7.58	8.35	7.27	29.57	35.25	34.43	1.19	0.27	1.25
Khe27369	1.73	2.39	1.96	0.3	0.16	0.2	0.05	0.16	0.17	4.95	4.89	5.33	3.4	4.06	3.73	1.79	1.69	1.7
Khe27373	3.58	4.13	3.75	0.94	0.78	1.16	0.37	0.46	0.34	2.6	2.66	2.79	24.88	38.68	38.64	3.44	3.72	3.66
Khe27374	0.72	0.48	0.39	0.81	0.81	0.29	0	0.33	0.13	1.16	0.81	1.01	4.27	4.2	3.83	0.27	0.18	0.16
Khe27414	0	0	0	0.15	0	0	0	0	0.15	0.15	0	0.14	0.08	0	0.13	0	0	0
Khe27446	37.82	40.55	37.54	10.01	10.86	11.37	16.54	16.79	17.46	59.52	53.52	57.61	6.81	5.18	5.65	9.52	9	8.86
Khe27462	1.96	2.56	2.1	0.83	0.85	0.92	41.76	42.79	46.13	144.13	145.04	138.26	13.57	14.62	15.29	1.56	1.74	1.77
Khe28069	354.39	365.8	359.4	278.56	287.22	287.78	143.19	149.4	143.82	237.12	243.72	253.39	34.43	26.78	25.72	191.86	186.44	193.81
Khe28196	9.34	8.42	9.52	14.92	15.08	14.7	11.42	11.98	12.39	18.04	17.77	17.78	14.77	12.68	13.57	14.54	15.82	15.3
Khe29219	6.94	7.72	7.12	27.82	28.65	28.53	10.01	9.97	10.46	62.52	60.43	62.18	11.1	2.44	2.93	7.07	7.72	7.54
Khe29347	0	0	0	0	0	0	0	0	0	0	0	0	1.63	3.26	3.58	0	0	0
Khe30066	0.43	0.23	0.43	0.26	0.25	0.18	0	0.06	0	0	0	0	0.43	9.17	7.41	0.09	0.18	0.16
Khe30249	4.98	4.3	4.92	11.67	11.25	12.01	47.33	48.3	50.07	0.05	0.12	0	28.79	55.34	54.27	2.05	1.82	2.34
Khe30300	0	0.13	0.13	0	0	0.18	0	0	0	0.13	0	0	0	0.05	0.22	0.13	0	0
Khe30609	400.88	390.44	406.48	625.24	615.21	614.13	545.91	553.56	561.73	58.49	55.01	56.68	97.68	104.31	102.84	474.41	488.81	476.8
Khe31209	6.95	6.4	6.78	0.32	0.32	0.4	1.97	1.32	1.38	100.05	96.22	101.34	129.9	90.07	87.51	0.09	0.16	0.22
Khe31256	1.58	1.32	1.99	8.27	8.15	8.87	14.66	13.73	15.49	0.24	0.1	0.2	0.05	0.03	0.08	0.08	0.08	0.05
Khe31313	7.34	7.36	7.54	77.49	72.53	75.74	12.46	11.94	13.04	2.08	1.47	1.61	5.63	18.65	18.75	6.79	6.54	6.7
Khe31575	0.11	0.11	0.04	0.02	0.03	0.04	0	0	0.02	0.26	0.35	0.67	0.4	0.15	0.03	0.21	0.06	0
Khe31596	0.55	0.65	0.39	15.54	16.05	16.4	19.95	19.92	20.98	6.24	7.12	6.46	99.19	105.22	103.38	3.59	3.39	3.33
Khe31743	24.17	23.29	24.15	2.43	2.8	2.97	5.2	5.2	6.03	5.25	5.87	5.27	36.98	27.34	29.46	2.57	2.89	3.11
Khe32077	0.34	0.38	0.2	0.04	0	0.02	0.04	0	0	0.1	0.08	0.04	0.05	0	0.04	0.64	0.51	0.45
Khe32159	0.62	0.72	0.91	2.25	2.31	2.03	2.29	2.28	2.09	145.71	146.15	150.15	2.76	1.94	2.4	0.23	0.19	0.1
Khe32681	1.77	1.97	1.84	0.37	0.27	0.27	0.05	0.04	0.12	0	0	0	1.4	1.68	1.57	2.07	2.08	2.5
Khe32911	5.2	5.64	6.46	21.64	21.74	22.15	25.47	25.16	26.04	65.93	65.28	66.1	6.99	14.68	14.61	4.12	3.66	2.94
Khe32913	5.47	5.3	4.31	6.09	6.78	6.83	5.63	5.6	5.86	12.05	11.62	11.44	6.34	3.33	3.55	3.3	3.27	2.92
Khe33020	26.47	27.05	26.96	2.18	2.2	2.19	4.01	3.72	4.2	48.04	50.55	48.87	22.12	10.09	10.69	7.59	7.16	7.3
Khe33022	0	0	0	0	0	0	0	0	0	0.31	0	0	0	0	0	0	0	0
Khe33025	5.26	5.35	4.36	3.04	3.19	2.86	1.91	1.93	2.32	158.72	155.72	162.26	0.09	0.15	0.24	1.78	1.46	1.36
Khe33028	5.79	5.54	6.27	48.22	50.81	52	18.15	18.3	17.25	47.82	49.18	52.12	0.06	0.03	0.04	0.61	0.8	0.78
Khe33135	3.68	3.47	3.4	2.33	2.54	2.8	2.56	2.9	3.33	27.21	23.39	24.37	0.03	1.16	1.25	1.01	1.16	1.3
Khe33138	0.29	0.46	0.25	6.3	6.15	6.59	4.79	4.72	4.84	23.42	21.71	24.25	0.26	0.31	0.19	0	0.05	0
Khe33564	0	0.03	0.01	0.06	0.05	0.03	10.96	12.56	11.38	0.32	0.25	0.16	0	0.03	0	0.03	0.06	0.1
Khe33566	0.02	0	0.04	0.06	0.13	0.04	3.16	3.62	2.93	0	0.02	0	0.11	1.15	0.97	0	0	0
Khe33586	1.84	2.21	1.96	0.5	0.5	0.22	0.52	0.7	0.59	0	0	0	0.4	0.31	0.25	0.65	0.6	0.58
Khe33589	3.82	3.58	4.3	4.23	3.28	3.25	8.45	8.57	7.67	1.5	1.07	1.14	17.76	25.44	22.95	0.34	0.55	0.43
Khe33591	4.81	4.55	4.99	3.38	3.81	3.86	9.66	9.29	9.53	0.62	0.47	0.35	22.54	23.45	21.73	1.04	1.01	1.2
Khe33592	2.16	1.92	2.08	2.79	2.84	2.19	3.97	5.27	3.82	0.56	0.59	0.64	10.83	13.5	14.06	0.55	0.44	0.45
Khe33594	0.12	0.08	0.09	0.24	0.14	0.16	2.53	2.48	2.56	7.75	7.38	6.97	6.21	3.91	3.8	0.11	0.03	0.15
Khe33596	11.26	12.37	10.87	4.52	4.76	4.88	0.65	0.56	0.92	1.26	1.42	1.43	7.78	4.19	3.87	32	32.55	31.51
Khe33600	1.09	1.14	1.34	1.95	2.38	2.22	3.07	3.28	3.18	1.39	1.21	0.94	0.53	0.49	0.53	0.79	0.51	0.83
Khe33927	0.15	0.08	0.18	0.84	0.6	0.74	0.2	0.14	0.15	0	0.03	0.03	4.48	13.74	14.72	0	0.03	0
Khe34690	0.39	0.37	0.48	6.76	7.65	7.24	2.11	2.61	2.17	5.59	4.96	4.78	5.82	3.11	3.16	0.03	0.05	0.02
Khe34693	1.1	0.95	1.07	4.86	5.4	5.21	2.24	2.5	2.22	10.73	12.36	10.64	8.38	12.13	12.35	0.54	0.63	0.7
Khe34694	0.56	0.49	0.88	4.51	4.6	4.65	5.04	6.31	5.62	1.66	1.85	1.85	2.28	3.47	3.08	0.82	0.86	1.14
Khe34696	0.03	0.07	0	0.12	0.06	0.2	0.14	0.17	0.26	0.01	0.04	0.03	1.13	1.5	1.37	0.11	0.04	0.08
Khe34698	0.03	0.06	0.14	0.14	0.05	0.14	0.66	0.4	0.41	0.41	0.45	0.36	13.1	14.8	15.34	0.11	0.03	0
Khe34701	0.07	0.11	0.05	0.18	0.14	0.08	0.24	0.32	0.33	0.09	0.2	0.08	0.84	0.25	0.27	0.4	0.42	0.21
Khe35012	0	0	0	8.6	8.28	8.2	0.41	0.44	0.33	0	0	0.03	0.27	3.1	3.45	0.03	0	0
Khe35053	0.45	0.29	0.43	11.3	9.82	10.04	28.79	28.32	27.37	1.41	0.99	1.09	0.43	0.07	0.07	0.08	0.03	0.05
Khe35096	24.29	19.31	25.83	1017.84	989.92	976.47	810.83	817.25	824.32	0.25	0.16	0.22	248.83	158.09	163.78	0.71	0.88	0.62
Khe35122	0	0	0.03	0	0	0	0	0	0	0	0.01	0.03	0.09	0.12	0.06	0	0	0
Khe35123	0	0	0	0.08	0	0	0	0	0	0	0	0	0.36	0.74	0.78	0	0.04	0
Khe35125	50.21	48.55	50.74	31.66	31.21	30.53	26.19	25.94	27.35	2.16	1.88	1.91	25.65	53.16	53.4	2.19	1.84	2.25
Khe35126	0.23	0.54	0.41	0.04	0.03	0.03	0	0.03	0	0.1	0.12	0.09	0.87	0.84	0.81	0.03	0	0
Khe35205	5.52	6.5	5.88	10.16	9.63	9.77	4.88	5.59	5.54	2.21	2.74	2.82	10.78	12.18	11.05	4.53	4.46	5.29
Khe35207	3.68	3.8	3.23	6.21	6.16	5.85	3.41	3.25	3.17	2.95	2.41	2.93	4.55	8.6	7.77	3	3.43	2.89
Khe35209	9.68	9.24	11.28	4.7	4.71	2.76	2.57	2.13	1.19	3.52	2.92	3.16	5.08	14.01	13.84	7.16	7.29	6.87
Khe35210	2.68	3.74	2	9.47	8.82	9.32	5.72	5.83	5.13	0.84	0.92	1.37	1.41	4.3	3.42	2.88	3.38	3.23
Khe35269	1.4	2.23	1.69	21.65	22.34	22.63	4.51	3.94	4.76	13.32	13.31	13.13	1.49	3.15	3.38	2.25	2.31	1.88
Khe36069	0	0	0	0	0	0	0	0	0	0	0	0	0.02	0.06	0.09	0	0	0
Khe36348	51.18	51.13	49.44	8.89	8.43	7.74	10.02	10	11.29	88.67	85.16	87.18	19.99	18.41	17.39	66.04	72.73	69.3
Khe36385	7.72	7.33	7.84	1.22	1.07	1.18	1.18	1.26	1.52	19.57	19.37	19.18	2.88	3.81	4.03	2.58	2.18	2.21
Khe36650	17.2	17.88	17.91	112.98	119.09	116.07	139.83	145.24	148.23	50.72	47.52	50.25	6.88	5.67	6.13	8.55	8.93	7.97
Khe36664	0.06	0	0	0	0	0	0	0	0	0	0	0	0	0.16	0.19	0	0	0.05
Khe36692	10.19	10.01	12.06	85.87	89.57	93.41	137.5	138.49	135.01	0.83	0.82	0.86	50.31	60.46	62.43	1.08	0.96	1.34
Khe36825	6.07	6.01	6.37	30.12	29.26	28.84	35.87	37.81	38.45	33.43	33.28	33.2	38	75.84	76.28	1.67	2.09	1.34
Khe36828	0	0	0	0.07	0	0.16	0.13	0.16	0.17	0	0	0	0	0	0	0.07	0	0
Khe36899	62.84	64.69	64.46	62.01	54.78	57.25	56.41	60.38	65.68	64.49	67.38	64.86	47.54	50.82	53.61	71.79	74.08	69.96
Khe37172	2.19	2.13	2.18	0.35	0.42	0.23	0.58	0.71	0.78	3.06	2.84	2.87	44.07	44.39	44.01	0.98	1.45	1.13
Khe37310	758.52	742.2	762.08	1161.09	1121.29	1142.29	970.06	955.31	955.61	238.9	239.65	246.3	146.52	317.89	324.15	418.67	405.68	404.14
Khe37386	11.62	11.22	10.45	1.56	1.4	1.7	0.55	0.35	0.69	36.33	32.29	34.71	10.49	3.68	3.86	8.65	7.88	7.36
Khe37388	8.5	8.33	8.83	0.47	0.58	0.69	0.29	0.2	0.18	18.27	21.24	23.01	3.98	3.48	3.43	15.97	17.28	18.67
Khe37390	1.56	3.08	3.32	0.16	0.23	0.08	0	0	0.14	2.33	1.52	4.21	0.26	0.29	0.46	1.73	1.66	1.33
Khe37391	32.49	33.71	30.19	1.5	2.21	2.45	0.74	0.63	0.94	58.03	51.51	56.42	15.69	8.06	9.1	41.41	43.23	39.25
Khe37394	6.75	6.35	6.21	0.52	0.61	0.26	0.3	0.35	0.14	12.27	12.25	13.12	4.84	3.93	3.51	8.71	9.21	8.75
Khe37487	157.09	154.36	154.23	4.07	3.65	4.44	9.27	9.14	9.77	6.69	6.44	6.62	111.57	137.74	134.55	26.34	28.56	28.39
Khe37491	102.69	107.5	105.18	0.35	0.3	0.2	0.34	0.41	0.26	0.17	0.16	0.27	23.67	6.23	6.24	53.17	51.9	51.14
Khe37628	0.22	0.35	0.11	1.62	1.53	1.62	1.77	2.36	1.84	0.05	0.07	0.06	0.91	1	0.66	0.02	0	0.02
Khe37793	0	0	0	0.1	0.06	0.03	0.09	0.14	0.13	0	0	0	0	0	0.07	0	0	0
